0 0.128125 0.1765625 0.24609375 0.228125
0 0.390625 0.1859375 0.23515625 0.23359375
0 0.6296875 0.1859375 0.2140625 0.23359375
0 0.8703125 0.18984375 0.23046875 0.21875
0 0.12578125 0.52421875 0.19296875 0.26640625
0 0.3625 0.53046875 0.23828125 0.2203125
0 0.6265625 0.51875 0.23046875 0.21953125
0 0.87421875 0.53046875 0.22109375 0.2203125
0 0.88125 0.8484375 0.23515625 0.2234375
0 0.6375 0.846875 0.21171875 0.215625
0 0.390625 0.8484375 0.21796875 0.228125
0 0.1328125 0.859375 0.2375 0.24453125