0 0.61171875 0.16875 0.24375 0.21328125
0 0.86796875 0.16484375 0.2265625 0.2203125
0 0.353125 0.1578125 0.22734375 0.23046875
0 0.103125 0.1484375 0.20625 0.23125
0 0.10390625 0.51640625 0.2078125 0.2328125
0 0.3375 0.5140625 0.2140625 0.20859375
0 0.61953125 0.51328125 0.2234375 0.2296875
0 0.86484375 0.50625 0.22421875 0.2390625
0 0.8671875 0.85234375 0.2375 0.24140625
0 0.61953125 0.85234375 0.24765625 0.25546875
0 0.3640625 0.8546875 0.253125 0.25078125
0 0.10859375 0.859375 0.2171875 0.2515625