0 0.375 0.19453125 0.23515625 0.20546875
0 0.12734375 0.19140625 0.21796875 0.21171875
0 0.6234375 0.184375 0.21953125 0.221875
0 0.87734375 0.1765625 0.22265625 0.2234375
0 0.88125 0.52890625 0.2375 0.2234375
0 0.6390625 0.52734375 0.20625 0.20078125
0 0.3671875 0.5265625 0.21484375 0.22109375
0 0.13046875 0.51953125 0.21640625 0.23046875
0 0.128125 0.853125 0.22890625 0.23203125
0 0.3671875 0.853125 0.23828125 0.24609375
0 0.61328125 0.85546875 0.24375 0.24140625
0 0.875 0.8609375 0.24140625 0.24296875