0 0.66484375 0.16953125 0.259375 0.22734375
0 0.90859375 0.165625 0.18203125 0.234375
0 0.38984375 0.15859375 0.2421875 0.24609375
0 0.11640625 0.14921875 0.2328125 0.246875
0 0.11796875 0.53984375 0.23515625 0.24765625
0 0.37265625 0.5375 0.228125 0.22265625
0 0.6734375 0.53671875 0.2375 0.24453125
0 0.9078125 0.52890625 0.184375 0.25546875
0 0.90546875 0.884375 0.1890625 0.23046875
0 0.6734375 0.88046875 0.26328125 0.2390625
0 0.4015625 0.8828125 0.26953125 0.23359375
0 0.12265625 0.8859375 0.2453125 0.228125