0 0.50859375 0.0484375 0.03203125 0.046875
0 0.703125 0.0578125 0.03671875 0.05546875
0 0.684375 0.0140625 0.0453125 0.028125
0 0.909375 0.0421875 0.0453125 0.0546875
0 0.86171875 0.17734375 0.025 0.05078125
0 0.9 0.1828125 0.03515625 0.05625
0 0.95546875 0.28125 0.0546875 0.06328125
0 0.88359375 0.43046875 0.03359375 0.065625
0 0.90390625 0.55703125 0.053125 0.08359375
0 0.86953125 0.6921875 0.05390625 0.0796875
0 0.90078125 0.85390625 0.03671875 0.0859375
0 0.6484375 0.88359375 0.0796875 0.10078125
1 0.640625 0.70078125 0.0421875 0.05859375
0 0.5859375 0.678125 0.05625 0.09140625
0 0.6828125 0.59296875 0.04140625 0.046875
0 0.715625 0.44140625 0.0546875 0.06875
0 0.74375 0.3078125 0.065625 0.05625
0 0.66796875 0.21640625 0.07109375 0.0703125
0 0.52265625 0.32890625 0.05703125 0.078125
0 0.525 0.47421875 0.0546875 0.05234375
0 0.43359375 0.7375 0.078125 0.09765625
0 0.3515625 0.609375 0.04375 0.0625
0 0.18046875 0.7390625 0.0546875 0.071875
0 0.228125 0.74296875 0.03515625 0.08359375
0 0.23359375 0.909375 0.05 0.0734375
1 0.01875 0.88125 0.03671875 0.07734375
0 0.31953125 0.32734375 0.053125 0.065625
0 0.2453125 0.4375 0.053125 0.0953125
1 0.5046875 0.2203125 0.03984375 0.06328125
0 0.46015625 0.209375 0.0359375 0.0359375
0 0.3375 0.12421875 0.053125 0.071875
0 0.3765625 0.12265625 0.0421875 0.06796875