0 0.5078125 0.05546875 0.03203125 0.04609375
0 0.69921875 0.0640625 0.03671875 0.0546875
0 0.68046875 0.01796875 0.04453125 0.03515625
0 0.90234375 0.04921875 0.04453125 0.05390625
0 0.85546875 0.18203125 0.02421875 0.05
0 0.8921875 0.18671875 0.03515625 0.05546875
0 0.946875 0.284375 0.05390625 0.06171875
0 0.8765625 0.43046875 0.0328125 0.06484375
0 0.896875 0.55546875 0.05234375 0.08203125
0 0.86328125 0.68828125 0.053125 0.07890625
0 0.89296875 0.846875 0.0359375 0.084375
0 0.64453125 0.8765625 0.07890625 0.09921875
1 0.6375 0.696875 0.04140625 0.05703125
0 0.58359375 0.67421875 0.05546875 0.08984375
0 0.67890625 0.590625 0.040625 0.04609375
0 0.7109375 0.44140625 0.05390625 0.06796875
0 0.7390625 0.31015625 0.06484375 0.05546875
0 0.6640625 0.2203125 0.06953125 0.06953125
0 0.52109375 0.33046875 0.05625 0.0765625
0 0.5234375 0.47421875 0.05390625 0.0515625
0 0.43359375 0.7328125 0.07734375 0.09609375
0 0.353125 0.60625 0.04296875 0.0609375
0 0.184375 0.734375 0.05390625 0.0703125
0 0.23125 0.73828125 0.03515625 0.08203125
0 0.23671875 0.9015625 0.04921875 0.071875
1 0.0234375 0.87421875 0.03984375 0.07578125
0 0.321875 0.32890625 0.05234375 0.06484375
0 0.2484375 0.4375 0.05234375 0.09375
1 0.503125 0.22421875 0.03984375 0.06171875
0 0.459375 0.21328125 0.03515625 0.03515625
0 0.3390625 0.1296875 0.05234375 0.0703125
0 0.37734375 0.128125 0.04140625 0.06640625