0 0.46171875 0.02421875 0.03515625 0.0484375
0 0.24921875 0.0328125 0.040625 0.0609375
0 0.02421875 0.0234375 0.0484375 0.04609375
0 0.07578125 0.1640625 0.02734375 0.05546875
0 0.034375 0.16953125 0.0390625 0.06171875
0 0.0515625 0.440625 0.03671875 0.071875
0 0.0296875 0.57890625 0.05859375 0.09140625
0 0.0671875 0.7265625 0.059375 0.0875
0 0.03359375 0.903125 0.03984375 0.09375
0 0.309375 0.9359375 0.0875 0.11015625
1 0.31796875 0.7359375 0.04609375 0.0640625
0 0.378125 0.71171875 0.06171875 0.1
0 0.271875 0.61796875 0.0453125 0.0515625
0 0.2359375 0.45234375 0.059375 0.075
0 0.20546875 0.30625 0.071875 0.06171875
0 0.28828125 0.20703125 0.07734375 0.07734375
0 0.446875 0.32890625 0.0625 0.08515625
0 0.44453125 0.4890625 0.06015625 0.0578125
0 0.54453125 0.7765625 0.0859375 0.10703125
0 0.63359375 0.6359375 0.04765625 0.06796875
0 0.82109375 0.778125 0.06015625 0.078125
0 0.76875 0.78203125 0.0390625 0.09140625
0 0.76328125 0.9609375 0.0546875 0.078125
1 0.9890625 0.9328125 0.021875 0.084375
0 0.66875 0.32734375 0.0578125 0.071875
0 0.75 0.44765625 0.05859375 0.10390625
1 0.46640625 0.2109375 0.04375 0.06875
0 0.515625 0.1984375 0.0390625 0.0390625
0 0.64921875 0.10625 0.0578125 0.078125
0 0.60703125 0.10390625 0.04609375 0.07421875