0 0.3265625 0.77421875 0.05234375 0.09921875
0 0.24375 0.50625 0.04921875 0.10546875
0 0.37578125 0.42890625 0.05390625 0.096875
0 0.14921875 0.34296875 0.06328125 0.0890625
0 0.0234375 0.771875 0.04609375 0.13359375
0 0.75859375 0.484375 0.053125 0.1140625
0 0.64609375 0.4046875 0.059375 0.1109375
0 0.94375 0.58046875 0.05703125 0.10078125
0 0.8578125 0.34765625 0.05703125 0.11640625
0 0.7828125 0.18359375 0.04765625 0.10859375
0 0.94609375 0.16875 0.0484375 0.09609375
0 0.56875 0.17109375 0.0515625 0.08359375
0 0.3515625 0.1890625 0.04921875 0.0796875
0 0.21015625 0.065625 0.04765625 0.09921875
0 0.859375 0.825 0.0703125 0.14296875