0 0.303125 0.79765625 0.0546875 0.103125
0 0.21640625 0.5171875 0.05078125 0.11015625
0 0.3546875 0.43671875 0.05625 0.1015625
0 0.11796875 0.34609375 0.065625 0.09296875
0 0.00546875 0.79375 0.0109375 0.1390625
0 0.7546875 0.49453125 0.05546875 0.11875
0 0.63671875 0.4109375 0.06171875 0.11640625
0 0.946875 0.59453125 0.06015625 0.10546875
0 0.8578125 0.3515625 0.06015625 0.121875
0 0.7796875 0.1796875 0.05 0.11328125
0 0.94921875 0.1640625 0.05078125 0.10078125
0 0.55625 0.1671875 0.05390625 0.08671875
0 0.32890625 0.1859375 0.05078125 0.0828125
0 0.18203125 0.05625 0.04921875 0.103125
0 0.85859375 0.85 0.0734375 0.14921875