0 0.68203125 0.759375 0.05703125 0.10859375
0 0.7734375 0.4640625 0.05390625 0.11640625
0 0.628125 0.3796875 0.059375 0.10703125
0 0.8765625 0.284375 0.06953125 0.09765625
0 0.99453125 0.75546875 0.01015625 0.146875
0 0.20703125 0.43984375 0.05859375 0.125
0 0.33125 0.35234375 0.06484375 0.121875
0 0.01796875 0.5453125 0.0359375 0.1109375
0 0.0984375 0.28984375 0.06328125 0.128125
0 0.18046875 0.10859375 0.05234375 0.11953125
0 0.01484375 0.0921875 0.0296875 0.10625
0 0.415625 0.0953125 0.05625 0.09140625
0 0.6546875 0.11484375 0.05390625 0.0875
0 0.81015625 0.0171875 0.05234375 0.03359375
0 0.096875 0.81484375 0.07734375 0.15703125