0 0.13359375 0.1453125 0.21953125 0.23203125
0 0.38515625 0.14296875 0.21484375 0.234375
0 0.6171875 0.1421875 0.19921875 0.21796875
0 0.8671875 0.14453125 0.2265625 0.23671875
0 0.13671875 0.39296875 0.23828125 0.23046875
0 0.38515625 0.38671875 0.19453125 0.19921875
0 0.6140625 0.3890625 0.20390625 0.2
0 0.87421875 0.390625 0.2125 0.21640625
0 0.140625 0.63671875 0.18359375 0.190625
0 0.3828125 0.61953125 0.1953125 0.19921875
0 0.6203125 0.62578125 0.20078125 0.2
0 0.86875 0.6296875 0.2140625 0.215625
0 0.86171875 0.86875 0.21875 0.21640625
0 0.6140625 0.87421875 0.2234375 0.2140625
0 0.38515625 0.86640625 0.21015625 0.2296875
0 0.134375 0.878125 0.23671875 0.24375