0 0.87890625 0.1328125 0.225 0.23828125
0 0.6203125 0.13046875 0.22109375 0.240625
0 0.38203125 0.1296875 0.20390625 0.2234375
0 0.12578125 0.13203125 0.2328125 0.24296875
0 0.87578125 0.3875 0.24453125 0.23671875
0 0.62109375 0.38125 0.2 0.2046875
0 0.38515625 0.38359375 0.209375 0.20546875
0 0.11875 0.384375 0.21796875 0.22265625
0 0.871875 0.6375 0.18828125 0.19609375
0 0.62265625 0.61953125 0.20078125 0.2046875
0 0.37890625 0.62578125 0.20625 0.20546875
0 0.1234375 0.63046875 0.21953125 0.22109375
0 0.13125 0.87578125 0.22421875 0.22265625
0 0.3859375 0.88203125 0.2296875 0.21953125
0 0.62109375 0.8734375 0.21640625 0.2359375
0 0.87890625 0.8796875 0.2421875 0.240625