0 0.10625 0.14609375 0.2125 0.2421875
0 0.36171875 0.14453125 0.22421875 0.24453125
0 0.603125 0.14375 0.2078125 0.22734375
0 0.8640625 0.14609375 0.23671875 0.24765625
0 0.11328125 0.40546875 0.22578125 0.240625
0 0.3609375 0.39921875 0.203125 0.2078125
0 0.6 0.4015625 0.21328125 0.20859375
0 0.87109375 0.403125 0.221875 0.2265625
0 0.10625 0.66015625 0.19140625 0.19921875
0 0.35859375 0.6421875 0.20390625 0.2078125
0 0.60703125 0.6484375 0.21015625 0.20859375
0 0.86640625 0.653125 0.2234375 0.225
0 0.8578125 0.89453125 0.228125 0.2109375
0 0.6 0.8984375 0.2328125 0.203125
0 0.3609375 0.88984375 0.21953125 0.21953125
0 0.1109375 0.8921875 0.221875 0.215625