0 0.12265625 0.2046875 0.178125 0.26953125
0 0.30859375 0.215625 0.15234375 0.2734375
0 0.49921875 0.19453125 0.18203125 0.2546875
0 0.69921875 0.20625 0.15390625 0.25546875
0 0.88828125 0.20390625 0.175 0.246875
0 0.87734375 0.50546875 0.15390625 0.24921875
0 0.88984375 0.8359375 0.1671875 0.27578125
0 0.7078125 0.83984375 0.17109375 0.24921875
0 0.50078125 0.82890625 0.15703125 0.25859375
0 0.321875 0.83359375 0.15546875 0.25703125
0 0.1234375 0.82578125 0.16640625 0.26953125
0 0.125 0.5140625 0.15859375 0.23515625
0 0.3171875 0.53046875 0.1671875 0.2859375
0 0.50703125 0.52421875 0.17109375 0.26640625
0 0.696875 0.521875 0.1359375 0.2609375