0 0.8828125 0.20625 0.18203125 0.275
0 0.69296875 0.2171875 0.15546875 0.27890625
0 0.49921875 0.19609375 0.1859375 0.26015625
0 0.29453125 0.2078125 0.1578125 0.2609375
0 0.1015625 0.20546875 0.17890625 0.25234375
0 0.1125 0.51328125 0.1578125 0.25390625
0 0.1 0.85078125 0.17109375 0.28203125
0 0.28515625 0.8546875 0.175 0.25390625
0 0.496875 0.84375 0.16015625 0.2640625
0 0.6796875 0.84765625 0.15859375 0.2625
0 0.88203125 0.840625 0.16953125 0.275
0 0.88046875 0.521875 0.16171875 0.23984375
0 0.684375 0.5390625 0.17109375 0.2921875
0 0.490625 0.5328125 0.17421875 0.271875
0 0.296875 0.53046875 0.1390625 0.26640625