0 0.10625 0.184375 0.1859375 0.28125
0 0.3 0.19609375 0.159375 0.28515625
0 0.4984375 0.17421875 0.18984375 0.265625
0 0.7078125 0.18671875 0.1609375 0.2671875
0 0.9046875 0.184375 0.1828125 0.25859375
0 0.89375 0.49921875 0.1609375 0.26015625
0 0.90625 0.84453125 0.17421875 0.28828125
0 0.71640625 0.8484375 0.17890625 0.26015625
0 0.5 0.83671875 0.16328125 0.26953125
0 0.3140625 0.84140625 0.16171875 0.26875
0 0.10703125 0.83359375 0.1734375 0.28125
0 0.10859375 0.5078125 0.16484375 0.2453125
0 0.30859375 0.525 0.17421875 0.29921875
0 0.50625 0.51875 0.178125 0.27890625
0 0.7046875 0.51640625 0.1421875 0.27265625