1 0.1390625 0.01953125 0.05390625 0.0390625
1 0.190625 0.03203125 0.06015625 0.06328125
1 0.2625 0.01953125 0.05 0.0390625
1 0.33828125 0.0546875 0.06015625 0.10859375
1 0.26171875 0.1609375 0.07109375 0.1296875
1 0.1640625 0.16328125 0.05703125 0.11328125
1 0.08515625 0.09296875 0.06328125 0.11328125
1 0.05703125 0.15546875 0.06171875 0.11328125
1 0.12890625 0.225 0.06328125 0.1203125
1 0.1734375 0.3421875 0.06484375 0.134375
1 0.29765625 0.35546875 0.0734375 0.14140625
1 0.32578125 0.28359375 0.05703125 0.1234375
1 0.38125 0.1578125 0.0734375 0.134375
1 0.40390625 0.4015625 0.090625 0.175
1 0.459375 0.20078125 0.06328125 0.13125
1 0.47109375 0.33203125 0.05859375 0.13828125
1 0.4453125 0.05859375 0.06328125 0.1171875
1 0.02734375 0.290625 0.0546875 0.146875
1 0.0265625 0.47890625 0.0515625 0.1296875
1 0.14375 0.57578125 0.0796875 0.15390625
1 0.26640625 0.58828125 0.09453125 0.1765625
1 0.10234375 0.85390625 0.0890625 0.175
1 0.2515625 0.86875 0.0875 0.1765625
1 0.3796875 0.775 0.09453125 0.18046875
1 0.50859375 0.546875 0.0859375 0.17890625
1 0.52421875 0.8015625 0.0921875 0.2
1 0.7125 0.72421875 0.084375 0.18515625
1 0.6796875 0.5546875 0.0828125 0.15390625
1 0.55 0.4234375 0.06953125 0.159375
1 0.54921875 0.165625 0.05703125 0.125
1 0.58359375 0.04609375 0.06015625 0.0921875
1 0.62265625 0.26875 0.06796875 0.13671875
1 0.64140625 0.153125 0.06640625 0.11171875
1 0.4859375 0.01953125 0.05390625 0.0390625
1 0.6171875 0.02421875 0.0453125 0.0484375
1 0.7046875 0.01875 0.05546875 0.0375
1 0.69296875 0.1078125 0.05703125 0.11875
1 0.74140625 0.1734375 0.06640625 0.134375
1 0.7328125 0.38046875 0.08125 0.16875
1 0.89765625 0.02265625 0.06171875 0.0453125
1 0.959375 0.028125 0.0625 0.05625
1 0.97109375 0.1 0.0578125 0.146875
1 0.94921875 0.2953125 0.08125 0.1578125
1 0.8734375 0.17265625 0.07109375 0.13828125
1 0.815625 0.10546875 0.06171875 0.1234375
1 0.79765625 0.2578125 0.0734375 0.1578125
1 0.8734375 0.39296875 0.0734375 0.10390625
1 0.8890625 0.51796875 0.10078125 0.19296875
1 0.9796875 0.6921875 0.040625 0.2
1 0.890625 0.87109375 0.0921875 0.1609375