1 0.175 0.0390625 0.0453125 0.078125
1 0.22109375 0.053125 0.0484375 0.1046875
1 0.28515625 0.04609375 0.040625 0.0875
1 0.359375 0.02421875 0.0453125 0.0484375
1 0.44609375 0.034375 0.0390625 0.06875
1 0.35 0.10859375 0.0453125 0.1
1 0.27421875 0.19921875 0.05625 0.1109375
1 0.1875 0.19375 0.04375 0.096875
1 0.12265625 0.12578125 0.0484375 0.096875
1 0.09296875 0.178125 0.046875 0.096875
1 0.15234375 0.24609375 0.05 0.1046875
1 0.184375 0.35390625 0.0515625 0.115625
1 0.29453125 0.37421875 0.05625 0.121875
1 0.3234375 0.31328125 0.04375 0.10625
1 0.38046875 0.20546875 0.0578125 0.1140625
1 0.3859375 0.425 0.071875 0.15
1 0.446875 0.24921875 0.0484375 0.1140625
1 0.45 0.3671875 0.0453125 0.1203125
1 0.44453125 0.1203125 0.0484375 0.10625
1 0.0125 0.1296875 0.025 0.0921875
1 0.04765625 0.296875 0.059375 0.128125
1 0.0375 0.46328125 0.05625 0.1140625
1 0.14375 0.55859375 0.0609375 0.1328125
1 0.2515625 0.578125 0.071875 0.15
1 0.0890625 0.80234375 0.06875 0.1515625
1 0.221875 0.82734375 0.0671875 0.153125
1 0.340625 0.753125 0.071875 0.153125
1 0.46953125 0.56171875 0.065625 0.1546875
1 0.46796875 0.7890625 0.071875 0.171875
1 0.63984375 0.734375 0.0640625 0.159375
1 0.62109375 0.58125 0.065625 0.1328125
1 0.51484375 0.45546875 0.053125 0.1375
1 0.5296875 0.225 0.04375 0.10625
1 0.56875 0.1109375 0.046875 0.1015625
1 0.5875 0.321875 0.0515625 0.1171875
1 0.6109375 0.221875 0.053125 0.0953125
1 0.484375 0.0578125 0.0421875 0.0984375
1 0.6015625 0.08125 0.0359375 0.090625
1 0.67890625 0.07421875 0.04375 0.0953125
1 0.6609375 0.1859375 0.04375 0.1015625
1 0.69921875 0.24765625 0.0515625 0.115625
1 0.678125 0.43046875 0.0625 0.1453125
1 0.85 0.096875 0.046875 0.0953125
1 0.90546875 0.10546875 0.05 0.10625
1 0.965625 0.0734375 0.0453125 0.096875
1 0.9828125 0.1359375 0.034375 0.1046875
1 0.91640625 0.20234375 0.0578125 0.125
1 0.87578125 0.37109375 0.0625 0.134375
1 0.81640625 0.25703125 0.05625 0.1171875
1 0.7703125 0.1921875 0.046875 0.10625
1 0.74453125 0.3265625 0.05625 0.134375
1 0.803125 0.453125 0.059375 0.0875
1 0.809375 0.56484375 0.0796875 0.165625
1 0.9078125 0.7296875 0.08125 0.1703125
1 0.78828125 0.8984375 0.0734375 0.175
1 0.98203125 0.5234375 0.0359375 0.1390625