1 0.4921875 0.03125 0.08125 0.0625
1 0.38671875 0.08125 0.0953125 0.13671875
1 0.2953125 0.05546875 0.078125 0.1109375
1 0.24296875 0.01015625 0.0828125 0.0203125
1 0.19609375 0.034375 0.0828125 0.06875
1 0.24296875 0.09921875 0.08671875 0.1265625
1 0.24765625 0.22421875 0.09140625 0.13984375
1 0.36328125 0.27578125 0.1 0.1484375
1 0.41015625 0.21640625 0.08125 0.128125
1 0.49921875 0.11484375 0.0984375 0.1421875
1 0.4484375 0.3546875 0.12265625 0.18515625
1 0.5609375 0.1796875 0.08828125 0.13671875
1 0.53203125 0.30859375 0.08671875 0.14375
1 0.59453125 0.0515625 0.0859375 0.103125
1 0.11484375 0.1265625 0.10390625 0.15546875
1 0.0609375 0.3046875 0.096875 0.13828125
1 0.1515625 0.4359375 0.10703125 0.1609375
1 0.2625 0.4859375 0.12421875 0.18515625
1 0.04453125 0.68359375 0.0890625 0.1859375
1 0.1640625 0.746875 0.11953125 0.18671875
1 0.3125 0.6984375 0.128125 0.190625
1 0.50234375 0.52421875 0.11953125 0.18828125
1 0.440625 0.76875 0.13125 0.209375
1 0.6421875 0.75625 0.11953125 0.19375
1 0.66015625 0.58515625 0.1109375 0.1625
1 0.5796875 0.42109375 0.0984375 0.1625
1 0.65546875 0.1765625 0.08125 0.1296875
1 0.72734375 0.06328125 0.08125 0.12421875
1 0.69296875 0.296875 0.09375 0.1421875
1 0.74453125 0.19375 0.08828125 0.11953125
1 0.65234375 0.021875 0.07578125 0.04296875
1 0.771875 0.046875 0.065625 0.09375
1 0.8578125 0.0546875 0.07578125 0.109375
1 0.8078125 0.16796875 0.0796875 0.12265625
1 0.8328125 0.24453125 0.09140625 0.13984375
1 0.7625 0.4375 0.1125 0.1765625
1 0.96875 0.425 0.0625 0.1640625
1 0.95390625 0.28671875 0.09140625 0.14375
1 0.925 0.20390625 0.08515625 0.128125
1 0.8625 0.3421875 0.10234375 0.1625
1 0.89296875 0.49453125 0.08984375 0.1125
1 0.86953125 0.61640625 0.13828125 0.20390625
1 0.93046875 0.821875 0.13828125 0.2109375
1 0.759375 0.93203125 0.134375 0.1359375