1 0.15625 0.03125 0.0515625 0.0625
1 0.20625 0.04296875 0.0578125 0.0859375
1 0.275 0.03125 0.0484375 0.0625
1 0.353125 0.00546875 0.0515625 0.0109375
1 0.44765625 0.0125 0.0453125 0.025
1 0.3484375 0.07421875 0.0578125 0.1109375
1 0.2734375 0.1796875 0.06875 0.125
1 0.1796875 0.18203125 0.0546875 0.109375
1 0.10390625 0.11484375 0.0609375 0.109375
1 0.0765625 0.175 0.059375 0.109375
1 0.14609375 0.24140625 0.0609375 0.115625
1 0.1890625 0.3546875 0.0625 0.1296875
1 0.30859375 0.3671875 0.0703125 0.1359375
1 0.33515625 0.29765625 0.0546875 0.11875
1 0.3890625 0.1765625 0.0703125 0.1296875
1 0.4109375 0.41171875 0.0875 0.16875
1 0.4640625 0.21796875 0.0609375 0.1265625
1 0.475 0.34453125 0.05625 0.1328125
1 0.45078125 0.07890625 0.0609375 0.11875
1 0.04375 0.30546875 0.0625 0.1421875
1 0.04765625 0.4859375 0.05 0.125
1 0.16015625 0.57890625 0.0765625 0.1484375
1 0.278125 0.59140625 0.090625 0.1703125
1 0.1203125 0.846875 0.0859375 0.16875
1 0.2640625 0.8609375 0.084375 0.1703125
1 0.3875 0.77109375 0.090625 0.1734375
1 0.51171875 0.5515625 0.0828125 0.171875
1 0.5265625 0.796875 0.0890625 0.1921875
1 0.7078125 0.721875 0.08125 0.178125
1 0.67578125 0.55859375 0.0796875 0.1484375
1 0.5515625 0.4328125 0.0671875 0.153125
1 0.55078125 0.184375 0.0546875 0.1203125
1 0.584375 0.05703125 0.0578125 0.1140625
1 0.62109375 0.28359375 0.065625 0.13125
1 0.6390625 0.17265625 0.0640625 0.1078125
1 0.48984375 0.03125 0.0515625 0.0625
1 0.61640625 0.0359375 0.04375 0.071875
1 0.7 0.03046875 0.053125 0.0609375
1 0.6890625 0.12890625 0.0546875 0.1140625
1 0.73515625 0.1921875 0.0640625 0.1296875
1 0.72734375 0.39140625 0.078125 0.1625
1 0.88671875 0.034375 0.059375 0.06875
1 0.946875 0.03984375 0.0609375 0.0796875
1 0.98828125 0.01640625 0.0171875 0.0328125
1 0.96484375 0.12265625 0.0703125 0.140625
1 0.93515625 0.309375 0.078125 0.1515625
1 0.8625 0.19140625 0.06875 0.1328125
1 0.80703125 0.1265625 0.059375 0.11875
1 0.78984375 0.2734375 0.0703125 0.1515625
1 0.8625 0.403125 0.0703125 0.1
1 0.87734375 0.5234375 0.096875 0.1859375
1 0.97265625 0.69140625 0.0546875 0.1921875
1 0.87890625 0.86328125 0.0890625 0.1546875