1 0.6515625 0.03984375 0.075 0.0515625
1 0.5875 0.03984375 0.0625 0.053125
1 0.5109375 0.02734375 0.05625 0.0328125
1 0.428125 0.046875 0.05625 0.075
1 0.53984375 0.09453125 0.0734375 0.109375
1 0.63515625 0.165625 0.0859375 0.1234375
1 0.71875 0.13984375 0.0703125 0.10625
1 0.765625 0.0640625 0.075 0.09375
1 0.8078125 0.1015625 0.075 0.1078125
1 0.76484375 0.18203125 0.078125 0.1140625
1 0.7609375 0.29453125 0.0828125 0.1265625
1 0.65625 0.34140625 0.090625 0.134375
1 0.6140625 0.2875 0.0734375 0.115625
1 0.53359375 0.19609375 0.0890625 0.128125
1 0.5796875 0.4125 0.1109375 0.1671875
1 0.478125 0.2546875 0.0796875 0.1234375
1 0.50390625 0.37109375 0.078125 0.1296875
1 0.44921875 0.128125 0.078125 0.1171875
1 0.8734375 0.05234375 0.05 0.065625
1 0.88046875 0.20625 0.09375 0.140625
1 0.9296875 0.3671875 0.0875 0.125
1 0.84765625 0.4859375 0.096875 0.1453125
1 0.74765625 0.53125 0.1125 0.1671875
1 0.9453125 0.71015625 0.08125 0.1671875
1 0.8359375 0.76640625 0.1078125 0.16875
1 0.70234375 0.72265625 0.115625 0.171875
1 0.53046875 0.565625 0.1078125 0.1703125
1 0.58671875 0.78671875 0.11875 0.1890625
1 0.4046875 0.775 0.1078125 0.175
1 0.38828125 0.6203125 0.1 0.146875
1 0.4609375 0.47265625 0.0890625 0.146875
1 0.3921875 0.2515625 0.0734375 0.1171875
1 0.32734375 0.14921875 0.0734375 0.1125
1 0.35859375 0.36015625 0.084375 0.128125
1 0.31171875 0.2671875 0.0796875 0.1078125
1 0.39609375 0.07734375 0.06875 0.1078125
1 0.2875 0.128125 0.059375 0.0984375
1 0.21015625 0.1390625 0.06875 0.1046875
1 0.2546875 0.24375 0.071875 0.1109375
1 0.23203125 0.31328125 0.0828125 0.1265625
1 0.29609375 0.4875 0.1015625 0.159375
1 0.04765625 0.20234375 0.0734375 0.10625
1 0.01796875 0.22421875 0.0359375 0.1171875
1 0.0265625 0.321875 0.053125 0.1375
1 0.08828125 0.4765625 0.1 0.1484375
1 0.11953125 0.35078125 0.0890625 0.1296875
1 0.14921875 0.2765625 0.0765625 0.115625
1 0.20546875 0.4015625 0.0921875 0.146875
1 0.178125 0.5390625 0.08125 0.1015625
1 0.19921875 0.64921875 0.125 0.184375
1 0.1421875 0.834375 0.128125 0.190625
1 0.29921875 0.93671875 0.1203125 0.1265625
1 0.02890625 0.64921875 0.0578125 0.1453125