1 0.4234375 0.0328125 0.08046875 0.065625
1 0.31875 0.084375 0.09453125 0.1359375
1 0.22734375 0.05703125 0.07734375 0.11328125
1 0.17578125 0.01171875 0.0828125 0.0234375
1 0.12890625 0.0359375 0.0828125 0.071875
1 0.17578125 0.10234375 0.0859375 0.12578125
1 0.18046875 0.22578125 0.09140625 0.1390625
1 0.2953125 0.27734375 0.1 0.14765625
1 0.3421875 0.21796875 0.08046875 0.12734375
1 0.43046875 0.11796875 0.09765625 0.140625
1 0.3796875 0.35546875 0.121875 0.18359375
1 0.49140625 0.18203125 0.0875 0.1359375
1 0.46328125 0.31015625 0.0859375 0.14296875
1 0.52421875 0.053125 0.0859375 0.10625
1 0.05078125 0.12890625 0.1015625 0.1546875
1 0.021875 0.3046875 0.04375 0.1375
1 0.08515625 0.43671875 0.10625 0.16015625
1 0.1953125 0.4859375 0.1234375 0.18359375
1 0.01171875 0.68203125 0.0234375 0.1828125
1 0.09765625 0.74453125 0.11875 0.1859375
1 0.24453125 0.696875 0.12734375 0.1890625
1 0.43359375 0.52421875 0.11875 0.1875
1 0.371875 0.7671875 0.13046875 0.2078125
1 0.571875 0.75390625 0.11875 0.1921875
1 0.58984375 0.584375 0.11015625 0.16171875
1 0.51015625 0.421875 0.09765625 0.16171875
1 0.5859375 0.17890625 0.08046875 0.12890625
1 0.65703125 0.06640625 0.08046875 0.1234375
1 0.62265625 0.2984375 0.09296875 0.140625
1 0.67421875 0.19609375 0.0875 0.11875
1 0.5828125 0.0234375 0.07578125 0.04609375
1 0.70078125 0.0484375 0.065625 0.09609375
1 0.7875 0.05546875 0.075 0.1109375
1 0.7375 0.1703125 0.07890625 0.121875
1 0.76171875 0.246875 0.09140625 0.1390625
1 0.69140625 0.43828125 0.11171875 0.175
1 0.9625 0.12265625 0.075 0.1171875
1 0.9890625 0.14765625 0.021875 0.1296875
1 0.9796875 0.25546875 0.040625 0.1515625
1 0.9203125 0.42578125 0.11015625 0.16328125
1 0.8859375 0.2875 0.09765625 0.14296875
1 0.853125 0.20625 0.084375 0.12734375
1 0.79140625 0.34375 0.1015625 0.16171875
1 0.82109375 0.49453125 0.0890625 0.11171875
1 0.7984375 0.615625 0.1375 0.203125
1 0.8609375 0.81953125 0.140625 0.209375
1 0.68828125 0.93125 0.13203125 0.1375
1 0.9765625 0.615625 0.04609375 0.16015625