1 0.1203125 0.02265625 0.05 0.0453125
1 0.171875 0.0375 0.05234375 0.07421875
1 0.240625 0.02890625 0.04375 0.0578125
1 0.32109375 0.00703125 0.04921875 0.01328125
1 0.41640625 0.01796875 0.0421875 0.0359375
1 0.31171875 0.07890625 0.04921875 0.10859375
1 0.2296875 0.17734375 0.0609375 0.1203125
1 0.1359375 0.17109375 0.04765625 0.10546875
1 0.065625 0.09765625 0.05234375 0.10546875
1 0.0328125 0.15390625 0.05078125 0.10546875
1 0.09765625 0.228125 0.05390625 0.11328125
1 0.13203125 0.34453125 0.05625 0.12578125
1 0.2515625 0.3671875 0.0609375 0.13203125
1 0.2828125 0.30078125 0.04765625 0.115625
1 0.34453125 0.18359375 0.0625 0.1234375
1 0.35078125 0.421875 0.078125 0.1625
1 0.4171875 0.23125 0.05234375 0.1234375
1 0.4203125 0.359375 0.04921875 0.13046875
1 0.4140625 0.09140625 0.05234375 0.115625
1 0.0078125 0.2828125 0.015625 0.1390625
1 0.08828125 0.5671875 0.06640625 0.14375
1 0.20546875 0.58828125 0.078125 0.1625
1 0.0328125 0.83046875 0.065625 0.1640625
1 0.17265625 0.85859375 0.07265625 0.16640625
1 0.3015625 0.778125 0.078125 0.16640625
1 0.44140625 0.5703125 0.07109375 0.16796875
1 0.43984375 0.8171875 0.078125 0.18671875
1 0.6265625 0.7578125 0.06953125 0.17265625
1 0.60625 0.59140625 0.07109375 0.14375
1 0.490625 0.45546875 0.0578125 0.14921875
1 0.50703125 0.20546875 0.04765625 0.115625
1 0.54921875 0.08125 0.05078125 0.11015625
1 0.56953125 0.31015625 0.05625 0.12734375
1 0.59453125 0.2015625 0.0578125 0.103125
1 0.45703125 0.03828125 0.04609375 0.0765625
1 0.584375 0.04921875 0.0390625 0.0984375
1 0.66796875 0.046875 0.04765625 0.09296875
1 0.64921875 0.1625 0.04765625 0.11015625
1 0.690625 0.2296875 0.05625 0.12578125
1 0.66796875 0.428125 0.06796875 0.1578125
1 0.85390625 0.06640625 0.05078125 0.103125
1 0.9140625 0.07578125 0.05390625 0.115625
1 0.9765625 0.04609375 0.046875 0.0921875
1 0.98984375 0.1078125 0.0203125 0.11328125
1 0.9265625 0.18046875 0.0625 0.1359375
1 0.88203125 0.36328125 0.06796875 0.14609375
1 0.81796875 0.23984375 0.0609375 0.12734375
1 0.76796875 0.16953125 0.05078125 0.115625
1 0.73984375 0.315625 0.0609375 0.14609375
1 0.803125 0.45234375 0.0640625 0.09453125
1 0.81015625 0.5734375 0.08671875 0.1796875
1 0.9171875 0.75234375 0.08828125 0.184375
1 0.7875 0.9203125 0.0796875 0.159375
1 0.9890625 0.528125 0.021875 0.15078125