1 0.16875 0.0375 0.04609375 0.07421875
1 0.215625 0.05078125 0.04921875 0.1015625
1 0.2796875 0.04296875 0.04140625 0.08515625
1 0.3546875 0.021875 0.046875 0.04375
1 0.44375 0.0328125 0.03984375 0.06484375
1 0.346875 0.10546875 0.04609375 0.1015625
1 0.26953125 0.196875 0.05703125 0.1125
1 0.18203125 0.19140625 0.04453125 0.0984375
1 0.11640625 0.12265625 0.04921875 0.0984375
1 0.0859375 0.17578125 0.04765625 0.0984375
1 0.14609375 0.24453125 0.05078125 0.10625
1 0.17890625 0.35390625 0.05234375 0.1171875
1 0.290625 0.37421875 0.05703125 0.1234375
1 0.31953125 0.3125 0.04453125 0.1078125
1 0.37734375 0.203125 0.05859375 0.115625
1 0.3828125 0.42578125 0.07265625 0.1515625
1 0.44453125 0.24765625 0.04921875 0.115625
1 0.44765625 0.3671875 0.04609375 0.121875
1 0.4421875 0.1171875 0.04921875 0.1078125
1 0.00859375 0.12578125 0.0171875 0.09296875
1 0.040625 0.29609375 0.06015625 0.1296875
1 0.0296875 0.4640625 0.05703125 0.115625
1 0.1375 0.5609375 0.06171875 0.134375
1 0.246875 0.58046875 0.07265625 0.1515625
1 0.08203125 0.8078125 0.06953125 0.153125
1 0.21640625 0.8328125 0.06796875 0.1546875
1 0.33671875 0.7578125 0.07265625 0.1546875
1 0.4671875 0.5640625 0.06640625 0.15703125
1 0.465625 0.79453125 0.07265625 0.17421875
1 0.63984375 0.7390625 0.06484375 0.16171875
1 0.62109375 0.58359375 0.06640625 0.134375
1 0.51328125 0.45625 0.05390625 0.1390625
1 0.528125 0.2234375 0.04453125 0.1078125
1 0.56796875 0.1078125 0.04765625 0.103125
1 0.58671875 0.32109375 0.05234375 0.11875
1 0.6109375 0.2203125 0.05390625 0.096875
1 0.4828125 0.05390625 0.04296875 0.1
1 0.6015625 0.07734375 0.03671875 0.09140625
1 0.6796875 0.0703125 0.04453125 0.096875
1 0.66171875 0.18359375 0.04453125 0.103125
1 0.7 0.24609375 0.05234375 0.1171875
1 0.67890625 0.43125 0.06328125 0.146875
1 0.853125 0.09296875 0.04765625 0.096875
1 0.909375 0.10234375 0.05078125 0.1078125
1 0.9703125 0.06953125 0.04609375 0.0984375
1 0.98515625 0.13203125 0.0296875 0.10625
1 0.9203125 0.2 0.05859375 0.1265625
1 0.87890625 0.37109375 0.06328125 0.1359375
1 0.81875 0.25546875 0.05703125 0.11875
1 0.771875 0.18984375 0.04765625 0.1078125
1 0.74609375 0.32578125 0.05703125 0.1359375
1 0.80546875 0.45390625 0.06015625 0.08828125
1 0.81171875 0.5671875 0.08046875 0.16796875
1 0.91171875 0.734375 0.08203125 0.17265625
1 0.790625 0.9046875 0.07421875 0.17734375
1 0.98359375 0.5234375 0.0328125 0.140625