1 0.353125 0.02890625 0.0625 0.0578125
1 0.27265625 0.11171875 0.07421875 0.1359375
1 0.17109375 0.1140625 0.059375 0.11875
1 0.0890625 0.05 0.06640625 0.1
1 0.059375 0.10703125 0.0640625 0.11875
1 0.134375 0.17890625 0.06640625 0.12578125
1 0.18125 0.3015625 0.06796875 0.140625
1 0.3109375 0.315625 0.0765625 0.14765625
1 0.33984375 0.23984375 0.059375 0.12890625
1 0.3984375 0.10859375 0.0765625 0.140625
1 0.421875 0.36328125 0.09453125 0.1828125
1 0.4796875 0.153125 0.06640625 0.1375
1 0.49140625 0.290625 0.0609375 0.14375
1 0.46484375 0.0328125 0.0671875 0.065625
1 0.02890625 0.2484375 0.0578125 0.15390625
1 0.028125 0.44375 0.05390625 0.1359375
1 0.15 0.54453125 0.0828125 0.1609375
1 0.278125 0.55859375 0.0984375 0.184375
1 0.10703125 0.8359375 0.09296875 0.1828125
1 0.2625 0.85078125 0.09140625 0.184375
1 0.396875 0.753125 0.0984375 0.18828125
1 0.53125 0.515625 0.08984375 0.18671875
1 0.54765625 0.78125 0.096875 0.20859375
1 0.74375 0.7 0.08828125 0.19296875
1 0.709375 0.52265625 0.08671875 0.1609375
1 0.57421875 0.38671875 0.07265625 0.16640625
1 0.5734375 0.1171875 0.059375 0.13046875
1 0.609375 0.0203125 0.0625 0.040625
1 0.65 0.22421875 0.07109375 0.1421875
1 0.66953125 0.10390625 0.06953125 0.1171875
1 0.72265625 0.059375 0.059375 0.11875
1 0.7734375 0.12578125 0.06953125 0.140625
1 0.765625 0.34140625 0.084375 0.1765625
1 0.9734375 0.2515625 0.05234375 0.1640625
1 0.91171875 0.12421875 0.07421875 0.14375
1 0.85078125 0.059375 0.0640625 0.11875
1 0.8328125 0.21328125 0.0765625 0.1640625
1 0.91171875 0.35390625 0.0765625 0.10859375
1 0.928125 0.484375 0.10546875 0.2015625
1 0.9296875 0.853125 0.096875 0.16796875